x1,y1,z1
5,5,1
5,37,0.008991873
5,69,0.016716359
5,101,0.024392603
5,133,0.03202083
5,165,0.039601267
5,197,0.047134138
5,229,0.054619668
5,261,0.06205808
5,293,0.069449596
5,325,0.07679444
5,357,0.084092831
5,389,0.091344992
5,421,0.098551142
5,453,0.105711499
5,485,0.112826284
5,517,0.119895713
5,549,0.126920004
5,581,0.133899374
5,613,0.140834038
5,645,0.147724211
5,677,0.154570108
5,709,0.161371942
5,741,0.168129927
5,773,0.174844275
5,805,0.181515197
5,837,0.188142905
5,869,0.194727609
5,901,0.201269518
5,933,0.207768841
5,965,0.214225788
5,997,0.220640564
5,1029,0.227013377
5,1061,0.233344434
5,1093,0.23963394
5,1125,0.245882099
5,1157,0.252089116
5,1189,0.258255195
5,1221,0.264380538
5,1253,0.270465347
5,1285,0.276509825
5,1317,0.282514171
5,1349,0.288478586
5,1381,0.294403269
5,1413,0.30028842
5,1445,0.306134236
5,1477,0.311940915
5,1509,0.317708654
5,1541,0.323437649
5,1573,0.329128095
5,1605,0.334780188
5,1637,0.340394121
5,1669,0.345970089
5,1701,0.351508283
5,1733,0.357008897
5,1765,0.362472121
5,1797,0.367898148
5,1829,0.373287166
5,1861,0.378639366
5,1893,0.383954937
5,1925,0.389234066
5,1957,0.394476943
5,1989,0.399683753
5,2021,0.404854683
5,2053,0.409989919
5,2085,0.415089646
5,2117,0.420154048
5,2149,0.42518331
5,2181,0.430177614
5,2213,0.435137144
5,2245,0.44006208
5,2277,0.444952604
5,2309,0.449808898
5,2341,0.45463114
5,2373,0.459419511
5,2405,0.464174188
5,2437,0.468895351
5,2469,0.473583177
37,5,0.008991873
37,37,0.002028278
37,69,0.006890327
37,101,0.014305969
37,133,0.02398788
37,165,0.035671529
37,197,0.049113622
37,229,0.064090654
37,261,0.080397542
37,293,0.097846351
37,325,0.116265089
37,357,0.13549659
37,389,0.155397459
37,421,0.175837087
37,453,0.196696726
37,485,0.217868633
37,517,0.239255253
37,549,0.26076847
37,581,0.2823289
37,613,0.303865229
37,645,0.325313601
37,677,0.346617037
37,709,0.367724905
37,741,0.388592413
37,773,0.409180146
37,805,0.429453631
37,837,0.191036785
37,869,0.468942264
37,901,0.488109661
37,933,0.236397844
37,965,0.251969486
37,997,0.267708048
37,1029,0.283579963
37,1061,0.299552901
37,1093,0.315595836
37,1125,0.610120712
37,1157,0.347774401
37,1189,0.363854892
37,1221,0.379895137
37,1253,0.395871143
37,1285,0.411760348
37,1317,0.427541613
37,1349,0.443195198
37,1381,0.458702747
37,1413,0.474047252
37,1445,0.489213027
37,1477,0.504185665
37,1509,0.518952006
37,1541,0.533500092
37,1573,0.547819126
37,1605,0.561899426
37,1637,0.575732379
37,1669,0.589310399
37,1701,0.602626877
37,1733,0.615676133
37,1765,0.628453374
37,1797,0.640954646
37,1829,0.653176788
37,1861,0.665117387
37,1893,0.676774734
37,1925,0.688147783
37,1957,0.699236107
37,1989,0.710039857
37,2021,0.720559726
37,2053,0.730796904
37,2085,0.740753049
37,2117,0.750430245
37,2149,0.759830971
37,2181,0.768958068
37,2213,0.777814706
37,2245,0.786404356
37,2277,0.79473076
37,2309,0.802797903
37,2341,0.810609989
37,2373,0.818171415
37,2405,0.825486748
37,2437,0.832560705
37,2469,0.839398128
69,5,0.016716359
69,37,0.006890327
69,69,0.001630692
69,101,0.004804462
69,133,0.010239484
69,165,0.018202774
69,197,0.028811919
69,229,0.042068865
69,261,0.057887921
69,293,0.07611882
69,325,0.096565595
69,357,0.119001896
69,389,0.143183303
69,421,0.168857119
69,453,0.195770045
69,485,0.223674091
69,517,0.252331016
69,549,0.281515571
69,581,0.311017744
69,613,0.3406442
69,645,0.370219085
69,677,0.399584297
69,709,0.215863121
69,741,0.457141028
69,773,0.262459908
69,805,0.286491639
69,837,0.310855573
69,869,0.335439258
69,901,0.360135462
69,933,0.384842905
69,965,0.409466816
69,997,0.433919326
69,1029,0.45811972
69,1061,0.481994554
69,1093,0.505477673
69,1125,0.528510135
69,1157,0.551040051
69,1189,0.573022366
69,1221,0.594418587
69,1253,0.615196471
69,1285,0.63532968
69,1317,0.654797417
69,1349,0.673584048
69,1381,0.691678714
69,1413,0.709074944
69,1445,0.725770269
69,1477,0.741765847
69,1509,0.757066093
69,1541,0.771678329
69,1573,0.785612445
69,1605,0.798880576
69,1637,0.8114968
69,1669,0.823476855
69,1701,0.834837875
69,1733,0.845598141
69,1765,0.855776857
69,1797,0.865393943
69,1829,0.874469844
69,1861,0.883025362
69,1893,0.8910815
69,1925,0.898659321
69,1957,0.905779833
69,1989,0.912463873
69,2021,0.918732019
69,2053,0.924604504
69,2085,0.930101146
69,2117,0.935241293
69,2149,0.940043769
69,2181,0.944526834
69,2213,0.948708157
69,2245,0.952604783
69,2277,0.956233124
69,2309,0.95960894
69,2341,0.962747337
69,2373,0.965662763
69,2405,0.968369011
69,2437,0.970879223
69,2469,0.973205904
101,5,0.024392603
101,37,0.014305969
101,69,0.004804462
101,101,0.001571294
101,133,0.004253602
101,165,0.009024511
101,197,0.016385992
101,229,0.026705045
101,261,0.040203146
101,293,0.056961247
101,325,0.076934186
101,357,0.099970138
101,389,0.12583207
101,421,0.154219154
101,453,0.184786827
101,485,0.217164735
101,517,0.250972165
101,549,0.285830867
101,581,0.321375295
101,613,0.357260474
101,645,0.212650412
101,677,0.428808424
101,709,0.271215883
101,741,0.301770896
101,773,0.332862644
101,805,0.364265934
101,837,0.395766687
101,869,0.625008349
101,901,0.458275782
101,933,0.488933026
101,965,0.518987805
101,997,0.54831004
101,1029,0.57678814
101,1061,0.604328566
101,1093,0.630855123
101,1125,0.656308024
101,1157,0.680642796
101,1189,0.703829066
101,1221,0.725849293
101,1253,0.74669745
101,1285,0.766377722
101,1317,0.784903219
101,1349,0.802294741
101,1381,0.818579597
101,1413,0.833790506
101,1445,0.847964569
101,1477,0.86114233
101,1509,0.873366926
101,1541,0.884683323
101,1573,0.895137635
101,1605,0.904776529
101,1637,0.913646709
101,1669,0.92179447
101,1701,0.929265331
101,1733,0.936103714
101,1765,0.942352701
101,1797,0.948053828
101,1829,0.953246934
101,1861,0.957970044
101,1893,0.9622593
101,1925,0.966148907
101,1957,0.969671125
101,1989,0.972856267
101,2021,0.975732728
101,2053,0.97832702
101,2085,0.980663834
101,2117,0.982766093
101,2149,0.984655031
101,2181,0.986350268
101,2213,0.987869888
101,2245,0.989230525
101,2277,0.990447446
101,2309,0.991534633
101,2341,0.992504871
101,2373,0.993369823
101,2405,0.994140115
101,2437,0.994825406
101,2469,0.995434465
133,5,0.03202083
133,37,0.02398788
133,69,0.010239484
133,101,0.004253602
133,133,0.001764419
133,165,0.004466692
133,197,0.009296697
133,229,0.016893685
133,261,0.027789872
133,293,0.042366038
133,325,0.060830597
133,357,0.083218105
133,389,0.109402245
133,421,0.139118378
133,453,0.171991395
133,485,0.207565441
133,517,0.24533296
133,549,0.147298562
133,581,0.176677043
133,613,0.20824775
133,645,0.241675117
133,677,0.448729921
133,709,0.312642525
133,741,0.349435245
133,773,0.386612386
133,805,0.423828949
133,837,0.460765276
133,869,0.497131946
133,901,0.532673012
133,933,0.567167758
133,965,0.600431185
133,997,0.632313429
133,1029,0.66269834
133,1061,0.691501394
133,1093,0.718667155
133,1125,0.744166412
133,1157,0.767993168
133,1189,0.790161562
133,1221,0.810702843
133,1253,0.829662463
133,1285,0.847097332
133,1317,0.863073297
133,1349,0.877662846
133,1381,0.890943062
133,1413,0.902993833
133,1445,0.913896298
133,1477,0.92373154
133,1509,0.932579492
133,1541,0.940518052
133,1573,0.947622381
133,1605,0.95396437
133,1637,0.959612245
133,1669,0.964630305
133,1701,0.969078769
133,1733,0.973013706
133,1765,0.976487048
133,1797,0.979546661
133,1829,0.98223646
133,1861,0.984596567
133,1893,0.986663493
133,1925,0.988470339
133,1957,0.99004701
133,1989,0.991420431
133,2021,0.99261477
133,2053,0.993651656
133,2085,0.994550388
133,2117,0.99532814
133,2149,0.996000154
133,2181,0.996579927
133,2213,0.997079377
133,2245,0.997509007
133,2277,0.997878051
133,2309,0.99819461
133,2341,0.998465777
133,2373,0.998697747
133,2405,0.998895925
133,2437,0.999065014
133,2469,0.999209099
165,5,0.039601267
165,37,0.035671529
165,69,0.018202774
165,101,0.009024511
165,133,0.004466692
165,165,0.00221518
165,197,0.005284586
165,229,0.01070305
165,261,0.019226484
165,293,0.031514803
165,325,0.04806278
165,357,0.025767045
165,389,0.038319619
165,421,0.054353281
165,453,0.159317929
165,485,0.097503669
165,517,0.124595137
165,549,0.155127086
165,581,0.188778391
165,613,0.225138357
165,645,0.263730895
165,677,0.304039123
165,709,0.345528771
165,741,0.387669207
165,773,0.429951314
165,805,0.471901815
165,837,0.51309396
165,869,0.553154717
165,901,0.591768775
165,933,0.628679778
165,965,0.663689271
165,997,0.696653832
165,1029,0.727480858
165,1061,0.756123446
165,1093,0.782574738
165,1125,0.806862034
165,1157,0.829040959
165,1189,0.849189857
165,1221,0.867404562
165,1253,0.883793652
165,1285,0.898474239
165,1317,0.91156831
165,1349,0.923199635
165,1381,0.933491203
165,1413,0.942563167
165,1445,0.950531236
165,1477,0.95750548
165,1509,0.963589491
165,1541,0.968879837
165,1573,0.973465785
165,1605,0.977429214
165,1637,0.98084471
165,1669,0.983779776
165,1701,0.986295146
165,1733,0.988445164
165,1765,0.990278209
165,1797,0.991837139
165,1829,0.993159754
165,1861,0.99427925
165,1893,0.995224663
165,1925,0.996021292
165,1957,0.9966911
165,1989,0.99725309
165,2021,0.997723648
165,2053,0.998116856
165,2085,0.998444786
165,2117,0.996362146
165,2149,0.998944533
165,2181,0.997463595
165,2213,0.999288289
165,2245,0.999416939
165,2277,0.998542378
165,2309,0.999610462
165,2341,0.999682315
165,2373,0.999741292
165,2405,0.999789624
165,2437,0.999829169
165,2469,0.999861475
197,5,0.047134138
197,37,0.049113622
197,69,0.028811919
197,101,0.016385992
197,133,0.009296697
197,165,0.005284586
197,197,0.0030108
197,229,0.001718499
197,261,0.003837349
197,293,0.007572222
197,325,0.038014624
197,357,0.022432574
197,389,0.03479616
197,421,0.051130096
197,453,0.071763068
197,485,0.096840654
197,517,0.126315439
197,549,0.159954013
197,581,0.197357799
197,613,0.237993741
197,645,0.281230699
197,677,0.326377711
197,709,0.372720908
197,741,0.41955667
197,773,0.466219458
197,805,0.512103476
197,837,0.556677993
197,869,0.599496621
197,901,0.640201207
197,933,0.678521181
197,965,0.714269319
197,997,0.747334854
197,1029,0.777674828
197,1061,0.696164499
197,1093,0.830287127
197,1125,0.852724662
197,1157,0.787324835
197,1189,0.81286761
197,1221,0.906172397
197,1253,0.919910475
197,1285,0.875714886
197,1317,0.942302636
197,1349,0.951293094
197,1381,0.959025157
197,1413,0.965645748
197,1445,0.971290715
197,1477,0.950595052
197,1509,0.980138987
197,1541,0.964671011
197,1573,0.970268139
197,1605,0.988824722
197,1637,0.990826057
197,1669,0.982599788
197,1701,0.993867268
197,1733,0.995005282
197,1765,0.99594234
197,1797,0.996711686
197,1829,0.99326758
197,1861,0.994475976
197,1893,0.995478815
197,1925,0.996308656
197,1957,0.996993409
197,1989,0.99755689
197,2021,0.999292249
197,2053,0.998397869
197,2085,0.998706928
197,2117,0.998958634
197,2149,0.999163132
197,2181,0.999328879
197,2213,0.999462906
197,2245,0.999571036
197,2277,0.999658077
197,2309,0.999727989
197,2341,0.999784023
197,2373,0.999828838
197,2405,0.999864607
197,2437,0.999893098
197,2469,0.999915746
229,5,0.054619668
229,37,0.064090654
229,69,0.042068865
229,101,0.026705045
229,133,0.016893685
229,165,0.01070305
229,197,0.001718499
229,229,0.00112941
229,261,0.002755372
229,293,0.005846253
229,325,0.01111329
229,357,0.019332952
229,389,0.031265976
229,421,0.047573478
229,453,0.068743798
229,485,0.095040048
229,517,0.126473442
229,549,0.162802892
229,581,0.203557643
229,613,0.248077404
229,645,0.295563394
229,677,0.345133815
229,709,0.395878121
229,741,0.315958737
229,773,0.497386547
229,805,0.546581098
229,837,0.459645974
229,869,0.507298802
229,901,0.680776815
229,933,0.59844541
229,965,0.640974921
229,997,0.788047339
229,1029,0.71827404
229,1061,0.752661335
229,1093,0.784094821
229,1125,0.812581712
229,1157,0.838188401
229,1189,0.861028549
229,1221,0.881251664
229,1253,0.899032583
229,1285,0.914562132
229,1317,0.928039118
229,1349,0.939663696
229,1381,0.949632075
229,1413,0.958132477
229,1445,0.96534221
229,1477,0.971425726
229,1509,0.976533489
229,1541,0.980801511
229,1573,0.984351417
229,1605,0.9872909
229,1637,0.989714466
229,1669,0.991704358
229,1701,0.993331605
229,1733,0.994657108
229,1765,0.99573274
229,1797,0.996602402
229,1829,0.997303029
229,1861,0.997865523
229,1893,0.998315595
229,1925,0.998674534
229,1957,0.998959879
229,1989,0.999186013
229,2021,0.999364678
229,2053,0.999505422
229,2085,0.999615971
229,2117,0.999702558
229,2149,0.99977019
229,2181,0.999822873
229,2213,0.999863802
229,2245,0.999895519
229,2277,0.999920033
229,2309,0.999938934
229,2341,0.99995347
229,2373,0.999964624
229,2405,0.999973162
229,2437,0.999979682
229,2469,0.99998465
261,5,0.06205808
261,37,0.080397542
261,69,0.057887921
261,101,0.040203146
261,133,0.027789872
261,165,0.019226484
261,197,0.003837349
261,229,0.002755372
261,261,0.001966762
261,293,0.004486791
261,325,0.009055315
261,357,0.016556174
261,389,0.027908228
261,421,0.043957153
261,453,0.031160973
261,485,0.09255564
261,517,0.067695087
261,549,0.093492732
261,581,0.124519653
261,613,0.160615736
261,645,0.201375081
261,677,0.246177511
261,709,0.294235469
261,741,0.344649736
261,773,0.396467592
261,805,0.448737925
261,837,0.500559144
261,869,0.55111728
261,901,0.599713047
261,933,0.64577793
261,965,0.688880208
261,997,0.728722502
261,1029,0.765132699
261,1061,0.798050203
261,1093,0.827509347
261,1125,0.853621544
261,1157,0.876557503
261,1189,0.896530453
261,1221,0.913781069
261,1253,0.928564481
261,1285,0.941139532
261,1317,0.951760286
261,1349,0.96066964
261,1381,0.968094827
261,1413,0.951790862
261,1445,0.979307433
261,1477,0.983451596
261,1509,0.986824981
261,1541,0.978800171
261,1573,0.982934704
261,1605,0.986322926
261,1637,0.994926391
261,1669,0.996043171
261,1701,0.996925866
261,1733,0.997620505
261,1765,0.995748825
261,1797,0.996673867
261,1829,0.99740718
261,1861,0.997986072
261,1893,0.998441204
261,1925,0.998797619
261,1957,0.999075654
261,1989,0.999291732
261,2021,0.999459045
261,2053,0.999588136
261,2085,0.99968739
261,2117,0.999763444
261,2149,0.999821527
261,2181,0.999865741
261,2213,0.999899291
261,2245,0.999924669
261,2277,0.999943808
261,2309,0.999958198
261,2341,0.999968986
261,2373,0.99997705
261,2405,0.999983062
261,2437,0.99998753
261,2469,0.999990843
293,5,0.069449596
293,37,0.097846351
293,69,0.07611882
293,101,0.056961247
293,133,0.042366038
293,165,0.031514803
293,197,0.007572222
293,229,0.005846253
293,261,0.004486791
293,293,0.003429671
293,325,0.002614156
293,357,0.005511508
293,389,0.010529173
293,421,0.018523405
293,453,0.030389121
293,485,0.04696073
293,517,0.068911381
293,549,0.096667456
293,581,0.130351144
293,613,0.169757882
293,645,0.13559073
293,677,0.263395816
293,709,0.216593677
293,741,0.263515279
293,773,0.426464636
293,805,0.36596328
293,837,0.419489879
293,869,0.473193615
293,901,0.639948884
293,933,0.577420234
293,965,0.626375014
293,997,0.672415927
293,1029,0.71512768
293,1061,0.754243743
293,1093,0.789634101
293,1125,0.821287947
293,1157,0.849293526
293,1189,0.873816983
293,1221,0.895081761
293,1253,0.9133496
293,1285,0.928903882
293,1317,0.942035684
293,1349,0.953032635
293,1381,0.962170493
293,1413,0.969707182
293,1445,0.975878971
293,1477,0.980898435
293,1509,0.984953828
293,1541,0.988209526
293,1573,0.990807233
293,1605,0.992867694
293,1637,0.994492699
293,1669,0.995767209
293,1701,0.996761485
293,1733,0.997533136
293,1765,0.998129005
293,1797,0.9985869
293,1829,0.998937106
293,1861,0.999203722
293,1893,0.999405793
293,1925,0.99955828
293,1957,0.999672864
293,1989,0.999758611
293,2021,0.999822521
293,2053,0.999869968
293,2085,0.999905058
293,2117,0.999930913
293,2149,0.999949893
293,2181,0.999963777
293,2213,0.999973897
293,2245,0.999981248
293,2277,0.999986571
293,2309,0.999990412
293,2341,0.999993174
293,2373,0.999995155
293,2405,0.999996571
293,2437,0.99999758
293,2469,0.999998297
325,5,0.07679444
325,37,0.116265089
325,69,0.096565595
325,101,0.076934186
325,133,0.060830597
325,165,0.04806278
325,197,0.038014624
325,229,0.01111329
325,261,0.009055315
325,293,0.002614156
325,325,0.002166692
325,357,0.004801838
325,389,0.009561286
325,421,0.017408617
325,453,0.013811083
325,485,0.023327777
325,517,0.037066859
325,549,0.055840751
325,581,0.080276682
325,613,0.110733091
325,645,0.147245498
325,677,0.189508638
325,709,0.236895259
325,741,0.288506403
325,773,0.343244186
325,805,0.399896363
325,837,0.457222141
325,869,0.514030368
325,901,0.569243699
325,933,0.515239628
325,965,0.671406128
325,997,0.717096751
325,1029,0.758681575
325,1061,0.796003598
325,1093,0.829060545
325,1125,0.790239579
325,1157,0.823092133
325,1189,0.852020607
325,1221,0.877204716
325,1253,0.937545841
325,1285,0.917376706
325,1317,0.932976064
325,1349,0.946017027
325,1381,0.956821137
325,1413,0.965694909
325,1445,0.972922937
325,1477,0.97876365
325,1509,0.983447241
325,1541,0.987175305
325,1573,0.99012173
325,1605,0.992434457
325,1637,0.994237774
325,1669,0.995634901
325,1701,0.996710637
325,1733,0.997533954
325,1765,0.998160425
325,1797,0.998634431
325,1829,0.998991118
325,1861,0.999258098
325,1893,0.999456901
325,1925,0.999604195
325,1957,0.999712791
325,1989,0.999792476
325,2021,0.999850675
325,2053,0.999892989
325,2085,0.999923618
325,2117,0.999945692
325,2149,0.999961535
325,2181,0.999972858
325,2213,0.999980919
325,2245,0.999986634
325,2277,0.999990671
325,2309,0.999993511
325,2341,0.999995502
325,2373,0.999996892
325,2405,0.99999786
325,2437,0.999998531
325,2469,0.999998995
357,5,0.084092831
357,37,0.13549659
357,69,0.119001896
357,101,0.099970138
357,133,0.083218105
357,165,0.025767045
357,197,0.022432574
357,229,0.019332952
357,261,0.016556174
357,293,0.005511508
357,325,0.004801838
357,357,0.001585246
357,389,0.003584223
357,421,0.003078052
357,453,0.013616066
357,485,0.011407501
357,517,0.038117528
357,549,0.058296878
357,581,0.048821077
357,613,0.071398898
357,645,0.100068976
357,677,0.135028899
357,709,0.176119455
357,741,0.222823716
357,773,0.27430425
357,805,0.329470995
357,837,0.387068841
357,869,0.445772788
357,901,0.504279424
357,933,0.561385776
357,965,0.616049739
357,997,0.667429428
357,1029,0.714901665
357,1061,0.758061977
357,1093,0.796709782
357,1125,0.830823097
357,1157,0.860527035
357,1189,0.886059897
357,1221,0.90773993
357,1253,0.925934957
357,1285,0.906580644
357,1317,0.953437593
357,1349,0.963518787
357,1381,0.971634713
357,1413,0.978107944
357,1445,0.983225049
357,1477,0.977008418
357,1509,0.982264098
357,1541,0.992756933
357,1573,0.994596612
357,1605,0.995994086
357,1637,0.994125165
357,1669,0.997837591
357,1701,0.996743709
357,1733,0.997597053
357,1765,0.998236853
357,1797,0.998713479
357,1829,0.999580346
357,1861,0.999326006
357,1893,0.999515965
357,1925,0.99965414
357,1957,0.99975409
357,1989,0.99992828
357,2021,0.999877462
357,2053,0.999914103
357,2085,0.99994006
357,2117,0.999958359
357,2149,0.999989057
357,2181,0.999980162
357,2213,0.999986393
357,2245,0.999990706
357,2277,0.999993677
357,2309,0.999995716
357,2341,0.999997108
357,2373,0.999998055
357,2405,0.999998697
357,2437,0.999999131
357,2469,0.999999422
389,5,0.091344992
389,37,0.155397459
389,69,0.143183303
389,101,0.12583207
389,133,0.109402245
389,165,0.038319619
389,197,0.03479616
389,229,0.031265976
389,261,0.027908228
389,293,0.010529173
389,325,0.009561286
389,357,0.003584223
389,389,0.001314834
389,421,0.00300086
389,453,0.006190692
389,485,0.011711335
389,517,0.020554251
389,549,0.033788847
389,581,0.052441433
389,613,0.077359888
389,645,0.109088539
389,677,0.095505472
389,709,0.130066747
389,741,0.244428744
389,773,0.300579417
389,805,0.270175286
389,837,0.421814515
389,869,0.385217862
389,901,0.445396102
389,933,0.505465332
389,965,0.564116158
389,997,0.620209978
389,1029,0.672826836
389,1061,0.721288947
389,1093,0.765162247
389,1125,0.804240193
389,1157,0.838514923
389,1189,0.86814092
389,1221,0.893395851
389,1253,0.914642283
389,1285,0.932292998
389,1317,0.946781528
389,1349,0.95853871
389,1381,0.967975261
389,1413,0.975469955
389,1445,0.981362603
389,1477,0.975588369
389,1509,0.989490541
389,1541,0.99219669
389,1573,0.994247824
389,1605,0.995789571
389,1637,0.996939136
389,1669,0.995673471
389,1701,0.998414145
389,1733,0.997701921
389,1765,0.999198903
389,1797,0.999435786
389,1829,0.999604948
389,1861,0.999398892
389,1893,0.999809598
389,1925,0.999703281
389,1957,0.999793273
389,1989,0.999856751
389,2021,0.999958538
389,2053,0.999932296
389,2085,0.999953811
389,2117,0.999968646
389,2149,0.999991666
389,2181,0.999985761
389,2213,0.999996367
389,2245,0.999993654
389,2277,0.999995792
389,2309,0.999997222
389,2341,0.999998174
389,2373,0.999999578
389,2405,0.999999221
389,2437,0.999999826
389,2469,0.999999673
421,5,0.098551142
421,37,0.175837087
421,69,0.168857119
421,101,0.154219154
421,133,0.139118378
421,165,0.054353281
421,197,0.051130096
421,229,0.047573478
421,261,0.043957153
421,293,0.018523405
421,325,0.017408617
421,357,0.003078052
421,389,0.00300086
421,421,0.002896173
421,453,0.002772379
421,485,0.00574472
421,517,0.010938504
421,549,0.01934524
421,581,0.017578513
421,613,0.050171657
421,645,0.074604046
421,677,0.067163299
421,709,0.144583952
421,741,0.130727519
421,773,0.241976521
421,805,0.220756169
421,837,0.359753793
421,869,0.332006758
421,901,0.392515367
421,933,0.454287974
421,965,0.515813035
421,997,0.575691175
421,1029,0.632715632
421,1061,0.685925132
421,1093,0.734628606
421,1125,0.778404603
421,1157,0.817080493
421,1189,0.850697584
421,1221,0.879468341
421,1253,0.903731165
421,1285,0.923907046
421,1317,0.90969315
421,1349,0.953870664
421,1381,0.9646008
421,1413,0.973086702
421,1445,0.979722625
421,1477,0.984856071
421,1509,0.988786158
421,1541,0.991765018
421,1573,0.994001223
421,1605,0.995664388
421,1637,0.994203867
421,1669,0.997786126
421,1701,0.998435265
421,1733,0.997832981
421,1765,0.99846132
421,1797,0.998915026
421,1829,0.999635501
421,1861,0.999471303
421,1893,0.9998308
421,1925,0.999885777
421,1957,0.999923348
421,1989,0.999883683
421,2021,0.999966073
421,2053,0.999977618
421,2085,0.999964894
421,2117,0.999976714
421,2149,0.999984638
421,2181,0.999989919
421,2213,0.999993419
421,2245,0.999995726
421,2277,0.999997238
421,2309,0.999998224
421,2341,0.999998863
421,2373,0.999999276
421,2405,0.999999541
421,2437,0.99999971
421,2469,0.999999818
453,5,0.105711499
453,37,0.196696726
453,69,0.195770045
453,101,0.184786827
453,133,0.171991395
453,165,0.159317929
453,197,0.071763068
453,229,0.068743798
453,261,0.031160973
453,293,0.030389121
453,325,0.013811083
453,357,0.013616066
453,389,0.006190692
453,421,0.002772379
453,453,0.001226192
453,485,0.002785561
453,517,0.005759114
453,549,0.010966147
453,581,0.019422293
453,613,0.032263127
453,645,0.050622736
453,677,0.075485207
453,709,0.069917473
453,741,0.147038189
453,773,0.193766055
453,805,0.24699239
453,837,0.305545425
453,869,0.285562895
453,901,0.345331148
453,933,0.497205849
453,965,0.471151773
453,997,0.533955312
453,1029,0.594682246
453,1061,0.652091001
453,1093,0.705220633
453,1125,0.753412082
453,1157,0.796301094
453,1189,0.833789256
453,1221,0.866000574
453,1253,0.893230843
453,1285,0.915896026
453,1317,0.903097386
453,1349,0.949515075
453,1381,0.961505841
453,1413,0.970948336
453,1445,0.978292291
453,1477,0.973583661
453,1509,0.988224518
453,1541,0.991446763
453,1573,0.993842436
453,1605,0.9956054
453,1637,0.99688998
453,1669,0.995954623
453,1701,0.998480022
453,1733,0.997978725
453,1765,0.999279945
453,1797,0.999021228
453,1829,0.999326537
453,1861,0.999539968
453,1893,0.999687983
453,1925,0.999789837
453,1957,0.999935557
453,1989,0.999906557
453,2021,0.999938299
453,2053,0.999959516
453,2085,0.999973601
453,2117,0.99998289
453,2149,0.999988977
453,2181,0.999992939
453,2213,0.999995503
453,2245,0.999997152
453,2277,0.999998206
453,2309,0.999998876
453,2341,0.9999993
453,2373,0.999999566
453,2405,0.999999732
453,2437,0.999999836
453,2469,0.9999999
485,5,0.112826284
485,37,0.217868633
485,69,0.223674091
485,101,0.217164735
485,133,0.207565441
485,165,0.097503669
485,197,0.096840654
485,229,0.095040048
485,261,0.09255564
485,293,0.04696073
485,325,0.023327777
485,357,0.011407501
485,389,0.011711335
485,421,0.00574472
485,453,0.002785561
485,485,0.00133762
485,517,0.003005066
485,549,0.006165029
485,581,0.011676037
485,613,0.020601681
485,645,0.019984492
485,677,0.032783427
485,709,0.079553996
485,741,0.07555427
485,773,0.154491236
485,805,0.146223088
485,837,0.258631046
485,869,0.245223075
485,901,0.30342418
485,933,0.365588571
485,965,0.430028126
485,997,0.494980418
485,1029,0.55875059
485,1061,0.619830916
485,1093,0.676987096
485,1125,0.729306869
485,1157,0.776212346
485,1189,0.817441786
485,1221,0.85300903
485,1253,0.883149513
485,1285,0.908261142
485,1317,0.928846761
485,1349,0.919334988
485,1381,0.958678088
485,1413,0.952214117
485,1445,0.977055766
485,1477,0.98317555
485,1509,0.979941572
485,1541,0.991226964
485,1573,0.989323107
485,1605,0.99232434
485,1637,0.994534042
485,1669,0.99614341
485,1701,0.998541533
485,1733,0.998130837
485,1765,0.999330845
485,1797,0.999124557
485,1829,0.999408202
485,1861,0.999804219
485,1893,0.99973588
485,1925,0.99991693
485,1957,0.99988564
485,1989,0.999925567
485,2021,0.999951895
485,2053,0.999986263
485,2085,0.999980317
485,2117,0.999987535
485,2149,0.999992157
485,2181,0.999995096
485,2213,0.999996953
485,2245,0.999998118
485,2277,0.999998845
485,2309,0.999999295
485,2341,0.999999572
485,2373,0.999999742
485,2405,0.999999845
485,2437,0.999999908
485,2469,0.999999945
517,5,0.119895713
517,37,0.239255253
517,69,0.252331016
517,101,0.250972165
517,133,0.24533296
517,165,0.124595137
517,197,0.126315439
517,229,0.126473442
517,261,0.067695087
517,293,0.068911381
517,325,0.037066859
517,357,0.038117528
517,389,0.020554251
517,421,0.010938504
517,453,0.005759114
517,485,0.003005066
517,517,0.001555991
517,549,0.00344148
517,581,0.003629751
517,613,0.007180627
517,645,0.022885496
517,677,0.022786166
517,709,0.037067959
517,741,0.057208469
517,773,0.084185492
517,805,0.118649954
517,837,0.160800466
517,869,0.210311637
517,901,0.266329974
517,933,0.327537738
517,965,0.392272614
517,997,0.458682212
517,1029,0.524888838
517,1061,0.58914141
517,1093,0.649936824
517,1125,0.633580459
517,1157,0.756823464
517,1189,0.801659981
517,1221,0.840493644
517,1253,0.827909575
517,1285,0.900993882
517,1317,0.923536705
517,1349,0.915371339
517,1381,0.934898641
517,1413,0.95053552
517,1445,0.975996269
517,1477,0.972449478
517,1509,0.987466433
517,1541,0.985341559
517,1573,0.989481975
517,1605,0.992532229
517,1637,0.994752193
517,1669,0.996349011
517,1701,0.997484634
517,1733,0.998283445
517,1765,0.998839395
517,1797,0.999222354
517,1829,0.999483528
517,1861,0.999659928
517,1893,0.999777953
517,1925,0.999856202
517,1957,0.999907619
517,1989,0.999941115
517,2021,0.999962752
517,2053,0.999976615
517,2085,0.999968547
517,2117,0.999990981
517,2149,0.999994458
517,2181,0.999996618
517,2213,0.99999795
517,2245,0.999998766
517,2277,0.999999262
517,2309,0.999999561
517,2341,0.999999366
517,2373,0.999999848
517,2405,0.999999911
517,2437,0.999999948
517,2469,0.99999997
549,5,0.126920004
549,37,0.26076847
549,69,0.281515571
549,101,0.285830867
549,133,0.147298562
549,165,0.155127086
549,197,0.159954013
549,229,0.162802892
549,261,0.093492732
549,293,0.096667456
549,325,0.055840751
549,357,0.058296878
549,389,0.033788847
549,421,0.01934524
549,453,0.010966147
549,485,0.006165029
549,517,0.00344148
549,549,0.001909316
549,581,0.004141995
549,613,0.004475442
549,645,0.015274552
549,677,0.015792864
549,709,0.026884717
549,741,0.04322416
549,773,0.065989558
549,805,0.096125668
549,837,0.134180149
549,869,0.180180764
549,901,0.233578468
549,933,0.293268019
549,965,0.357682025
549,997,0.42494077
549,1029,0.493031591
549,1061,0.559989418
549,1093,0.624053626
549,1125,0.611885726
549,1157,0.73812714
549,1189,0.786435619
549,1221,0.828444281
549,1253,0.818294759
549,1285,0.85514428
549,1317,0.88615544
549,1349,0.9117675
549,1381,0.953760033
549,1413,0.949110018
549,1445,0.962103213
549,1477,0.972134039
549,1509,0.979761051
549,1541,0.985476115
549,1573,0.989698646
549,1605,0.992776378
549,1637,0.994990509
549,1669,0.996563351
549,1701,0.997667077
549,1733,0.998432506
549,1765,0.998957287
549,1797,0.999313113
549,1829,0.9995518
549,1861,0.999710249
549,1893,0.999814373
549,1925,0.999882127
549,1957,0.999852196
549,1989,0.999953678
549,2021,0.999940901
549,2053,0.999982388
549,2085,0.999989269
549,2117,0.99998595
549,2149,0.999991432
549,2181,0.999994815
549,2213,0.999998629
549,2245,0.999999195
549,2277,0.999999531
549,2309,0.999999353
549,2341,0.999999844
549,2373,0.999999911
549,2405,0.999999949
549,2437,0.999999928
549,2469,0.999999984
581,5,0.133899374
581,37,0.2823289
581,69,0.311017744
581,101,0.321375295
581,133,0.176677043
581,165,0.188778391
581,197,0.197357799
581,229,0.203557643
581,261,0.124519653
581,293,0.130351144
581,325,0.080276682
581,357,0.048821077
581,389,0.052441433
581,421,0.017578513
581,453,0.019422293
581,485,0.011676037
581,517,0.003629751
581,549,0.004141995
581,581,0.001241254
581,613,0.002780358
581,645,0.005722707
581,677,0.010918455
581,709,0.019456456
581,741,0.032596778
581,773,0.051643561
581,805,0.052727525
581,837,0.07863974
581,869,0.11223077
581,901,0.15385705
581,933,0.262456424
581,965,0.326039038
581,997,0.322105769
581,1029,0.388375434
581,1061,0.456667905
581,1093,0.524935274
581,1125,0.59124479
581,1157,0.653925962
581,1189,0.711671229
581,1221,0.763585004
581,1253,0.809184428
581,1285,0.848361293
581,1317,0.881317711
581,1349,0.875108074
581,1381,0.903084942
581,1413,0.925868494
581,1445,0.944087886
581,1477,0.958405041
581,1509,0.979829536
581,1541,0.977880686
581,1573,0.989959398
581,1605,0.993045929
581,1637,0.995240711
581,1669,0.994619976
581,1701,0.996331937
581,1733,0.998575339
581,1765,0.99835104
581,1797,0.999396118
581,1829,0.999289776
581,1861,0.999541015
581,1893,0.999845546
581,1925,0.999903832
581,1957,0.999883184
581,1989,0.999927352
581,2021,0.999955227
581,2053,0.99997265
581,2085,0.999983437
581,2117,0.999990054
581,2149,0.999994077
581,2181,0.999996501
581,2213,0.99999795
581,2245,0.999998808
581,2277,0.999999312
581,2309,0.999999606
581,2341,0.999999776
581,2373,0.999999874
581,2405,0.999999929
581,2437,0.999999961
581,2469,0.999999978
613,5,0.140834038
613,37,0.303865229
613,69,0.3406442
613,101,0.357260474
613,133,0.20824775
613,165,0.225138357
613,197,0.237993741
613,229,0.248077404
613,261,0.160615736
613,293,0.169757882
613,325,0.110733091
613,357,0.071398898
613,389,0.077359888
613,421,0.050171657
613,453,0.032263127
613,485,0.020601681
613,517,0.007180627
613,549,0.004475442
613,581,0.002780358
613,613,0.001722168
613,645,0.003751016
613,677,0.004277312
613,709,0.014053015
613,741,0.015250885
613,773,0.02613889
613,805,0.042325402
613,837,0.065075966
613,869,0.095435382
613,901,0.134043774
613,933,0.180990699
613,965,0.23573881
613,997,0.23659796
613,1029,0.297093515
613,1061,0.432815441
613,1093,0.430695447
613,1125,0.571584721
613,1157,0.637010645
613,1189,0.632430673
613,1221,0.752351438
613,1253,0.747235469
613,1285,0.795498654
613,1317,0.837202332
613,1349,0.872449504
613,1381,0.901616325
613,1413,0.925268023
613,1445,0.944078957
613,1477,0.958763988
613,1509,0.970024936
613,1541,0.978513009
613,1573,0.984805997
613,1605,0.98939777
613,1637,0.992697103
613,1669,0.995032848
613,1701,0.996662879
613,1733,0.997784753
613,1765,0.99854659
613,1797,0.999057253
613,1829,0.999395265
613,1861,0.99961628
613,1893,0.999759089
613,1925,0.999850308
613,1957,0.999907924
613,1989,0.999943921
613,2021,0.999966173
613,2053,0.999959814
613,2085,0.999988034
613,2117,0.999992979
613,2149,0.999991474
613,2181,0.999995005
613,2213,0.999998655
613,2245,0.999999237
613,2277,0.999999046
613,2309,0.99999946
613,2341,0.999999696
613,2373,0.999999927
613,2405,0.999999906
613,2437,0.999999949
613,2469,0.999999972
645,5,0.147724211
645,37,0.325313601
645,69,0.370219085
645,101,0.212650412
645,133,0.241675117
645,165,0.263730895
645,197,0.281230699
645,229,0.295563394
645,261,0.201375081
645,293,0.13559073
645,325,0.147245498
645,357,0.100068976
645,389,0.109088539
645,421,0.074604046
645,453,0.050622736
645,485,0.019984492
645,517,0.022885496
645,549,0.015274552
645,581,0.005722707
645,613,0.003751016
645,645,0.001315658
645,677,0.002921827
645,709,0.005983287
645,741,0.011385371
645,773,0.020268203
645,805,0.022126999
645,837,0.053833716
645,869,0.056908687
645,901,0.116777402
645,933,0.120692797
645,965,0.165125202
645,997,0.217710193
645,1029,0.277493029
645,1061,0.342940527
645,1093,0.412086122
645,1125,0.482727535
645,1157,0.552642647
645,1189,0.619789611
645,1221,0.682464382
645,1253,0.739400051
645,1285,0.789804396
645,1317,0.833342255
645,1349,0.830804743
645,1381,0.900381294
645,1413,0.92485138
645,1445,0.944207233
645,1477,0.942357875
645,1509,0.957655423
645,1541,0.969356752
645,1573,0.97814748
645,1605,0.984637972
645,1637,0.989350598
645,1669,0.995424362
645,1701,0.99508579
645,1733,0.996726659
645,1765,0.997847076
645,1797,0.998601381
645,1829,0.999102295
645,1861,0.999015141
645,1893,0.999642901
645,1925,0.999778565
645,1957,0.999864186
645,1989,0.999917588
645,2021,0.999950513
645,2053,0.999970587
645,2085,0.999982692
645,2117,0.999989914
645,2149,0.999994179
645,2181,0.999996672
645,2213,0.999998115
645,2245,0.999998941
645,2277,0.999999411
645,2309,0.999999675
645,2341,0.999999822
645,2373,0.999999783
645,2405,0.999999882
645,2437,0.999999972
645,2469,0.999999985
677,5,0.154570108
677,37,0.346617037
677,69,0.399584297
677,101,0.428808424
677,133,0.448729921
677,165,0.304039123
677,197,0.326377711
677,229,0.345133815
677,261,0.246177511
677,293,0.263395816
677,325,0.189508638
677,357,0.135028899
677,389,0.095505472
677,421,0.067163299
677,453,0.075485207
677,485,0.032783427
677,517,0.022786166
677,549,0.015792864
677,581,0.010918455
677,613,0.004277312
677,645,0.002921827
677,677,0.001993154
677,709,0.001357819
677,741,0.005070949
677,773,0.009785354
677,805,0.017663859
677,837,0.030000085
677,869,0.048187492
677,901,0.073544629
677,933,0.107107423
677,965,0.112451907
677,997,0.155323504
677,1029,0.206593176
677,1061,0.324672848
677,1093,0.330427298
677,1125,0.399622318
677,1157,0.47080229
677,1189,0.541672142
677,1221,0.610081101
677,1253,0.674199289
677,1285,0.732635685
677,1317,0.784490595
677,1349,0.829347449
677,1381,0.867217008
677,1413,0.898451154
677,1445,0.92364364
677,1477,0.943532497
677,1509,0.958914584
677,1541,0.970578189
677,1573,0.979255514
677,1605,0.985593887
677,1637,0.985115045
677,1669,0.993351885
677,1701,0.99557905
677,1733,0.99536411
677,1765,0.998123357
677,1797,0.998011254
677,1829,0.998722733
677,1861,0.999190005
677,1893,0.999710277
677,1925,0.999686028
677,1957,0.999807981
677,1989,0.999883912
677,2021,0.999930604
677,2053,0.999958971
677,2085,0.999976003
677,2117,0.999986112
677,2149,0.999992045
677,2181,0.999995489
677,2213,0.999997467
677,2245,0.999998592
677,2277,0.999999224
677,2309,0.999999577
677,2341,0.999999771
677,2373,0.999999945
677,2405,0.999999935
677,2437,0.999999966
677,2469,0.999999982
709,5,0.161371942
709,37,0.367724905
709,69,0.215863121
709,101,0.271215883
709,133,0.312642525
709,165,0.345528771
709,197,0.372720908
709,229,0.395878121
709,261,0.294235469
709,293,0.216593677
709,325,0.236895259
709,357,0.176119455
709,389,0.130066747
709,421,0.144583952
709,453,0.069917473
709,485,0.079553996
709,517,0.037067959
709,549,0.026884717
709,581,0.019456456
709,613,0.014053015
709,645,0.005983287
709,677,0.001357819
709,709,0.001735364
709,741,0.002179479
709,773,0.004564201
709,805,0.008887195
709,837,0.016190111
709,869,0.027748111
709,901,0.044966653
709,933,0.069214238
709,965,0.101613857
709,997,0.142831802
709,1029,0.192908969
709,1061,0.201157325
709,1093,0.259768217
709,1125,0.324820408
709,1157,0.458742805
709,1189,0.531374003
709,1221,0.537889435
709,1253,0.60722878
709,1285,0.672293702
709,1317,0.676552679
709,1349,0.784230304
709,1381,0.829690234
709,1413,0.86799221
709,1445,0.899495547
709,1477,0.924815494
709,1509,0.944719453
709,1541,0.960035982
709,1573,0.97158315
709,1605,0.980118337
709,1637,0.986308206
709,1669,0.990715483
709,1701,0.993798336
709,1733,0.99591809
709,1765,0.997351635
709,1797,0.998305659
709,1829,0.998246436
709,1861,0.998888256
709,1893,0.999590783
709,1925,0.999570422
709,1957,0.999851172
709,1989,0.999911883
709,2021,0.999948445
709,2053,0.999944772
709,2085,0.999982952
709,2117,0.999990361
709,2149,0.999989508
709,2181,0.9999941
709,2213,0.999996717
709,2245,0.999998192
709,2277,0.999999015
709,2309,0.999999468
709,2341,0.999999716
709,2373,0.99999985
709,2405,0.999999921
709,2437,0.999999959
709,2469,0.999999979
741,5,0.168129927
741,37,0.388592413
741,69,0.457141028
741,101,0.301770896
741,133,0.349435245
741,165,0.387669207
741,197,0.41955667
741,229,0.315958737
741,261,0.344649736
741,293,0.263515279
741,325,0.288506403
741,357,0.222823716
741,389,0.244428744
741,421,0.130727519
741,453,0.147038189
741,485,0.07555427
741,517,0.057208469
741,549,0.04322416
741,581,0.032596778
741,613,0.015250885
741,645,0.011385371
741,677,0.005070949
741,709,0.002179479
741,741,0.001609856
741,773,0.002065153
741,805,0.004341931
741,837,0.008492972
741,869,0.015547697
741,901,0.026780937
741,933,0.04361574
741,965,0.067458671
741,997,0.073802851
741,1029,0.180225719
741,1061,0.190401086
741,1093,0.248756782
741,1125,0.314149961
741,1157,0.384619847
741,1189,0.457800718
741,1221,0.531174636
741,1253,0.540586994
741,1285,0.669172849
741,1317,0.676149879
741,1349,0.735789997
741,1381,0.788528703
741,1413,0.833923645
741,1445,0.872000969
741,1477,0.926874806
741,1509,0.928055311
741,1541,0.961894816
741,1573,0.962354572
741,1605,0.9734663
741,1637,0.987410991
741,1669,0.987461876
741,1701,0.98752017
741,1733,0.994443904
741,1765,0.996386081
741,1797,0.997684261
741,1829,0.998537635
741,1861,0.999089614
741,1893,0.999441088
741,1925,0.999429812
741,1957,0.999797708
741,1989,0.99979191
741,2021,0.999930492
741,2053,0.999927876
741,2085,0.999977275
741,2117,0.999987237
741,2149,0.999986575
741,2181,0.999996112
741,2213,0.999995871
741,2245,0.999997748
741,2277,0.999998785
741,2309,0.999999352
741,2341,0.999999835
741,2373,0.999999821
741,2405,0.999999957
741,2437,0.999999953
741,2469,0.999999976
773,5,0.174844275
773,37,0.409180146
773,69,0.262459908
773,101,0.332862644
773,133,0.386612386
773,165,0.429951314
773,197,0.466219458
773,229,0.497386547
773,261,0.396467592
