,x1,y1,z1
6083,2469,2469,4.515174557975022
6082,2469,2437,4.190371438792208
6081,2469,2405,3.721539886641546
6080,2469,2373,3.00146388791859
6079,2469,2341,2.608195101474286
6078,2469,2309,2.2436028544450632
6077,2469,2277,1.7050368939376215
6076,2469,2245,1.5090227534196072
6075,2469,2213,1.1633141351425376
6074,2469,2181,0.8702722696097648
6073,2469,2149,0.6821317062824054
6072,2469,2117,0.5696498537192622
6071,2469,2085,0.388506730682019
6070,2469,2053,0.31140209978989114
6069,2469,2021,0.21900907754210944
6068,2469,1989,0.1480287203201554
6067,2469,1957,0.10985464135180659
6066,2469,1925,0.07947934789046253
6065,2469,1893,0.047608611178170106
6064,2469,1861,0.0320799469778131
6063,2469,1829,0.02088294270679363
6062,2469,1797,0.01064465586099847
6061,2469,1765,0.0063062375836377875
6060,2469,1733,0.0035705970012197235
6059,2469,1701,0.0024905658860225337
6058,2469,1669,0.0012981151870614601
6057,2469,1637,0.0006398056319795104
6056,2469,1605,0.00040504501965975287
6055,2469,1573,0.00018003420518501186
6054,2469,1541,0.00010584660155388878
6053,2469,1509,6.0181810888818486e-05
6052,2469,1477,3.300454464393928e-05
6051,2469,1445,1.7406151486173437e-05
6050,2469,1413,5.768016634937548e-06
6049,2469,1381,4.248009022762039e-06
6048,2469,1349,3.079004740091648e-06
6047,2469,1317,1.3710009397936144e-06
6046,2469,1285,5.760001659179497e-07
6045,2469,1253,3.820000729274841e-07
6044,2469,1221,2.47000030513273e-07
6043,2469,1189,1.5600001219691206e-07
6042,2469,1157,9.500000449025205e-08
6041,2469,1125,3.100000049193856e-08
6040,2469,1093,1.7000000107796378e-08
6039,2469,1061,1.800000020803675e-08
6038,2469,1029,9.000000008007222e-09
6037,2469,997,4.999999982112645e-09
6036,2469,965,4.000000005894577e-09
6035,2469,933,2.00000005645844e-09
6034,2469,901,2.00000005645844e-09
6033,2469,869,2.00000005645844e-09
6032,2469,837,9.999999722180686e-10
6031,2469,805,9.999999722180686e-10
6030,2469,773,-0.0
6029,2469,741,9.999999722180686e-10
6028,2469,709,9.999999722180686e-10
6027,2469,677,9.999999722180686e-10
6026,2469,645,9.999999722180686e-10
6025,2469,613,9.999999722180686e-10
6024,2469,581,9.999999722180686e-10
6023,2469,549,9.999999722180686e-10
6022,2469,517,9.999999722180686e-10
6021,2469,485,2.00000005645844e-09
6020,2469,453,4.000000005894577e-09
6019,2469,421,7.000000048571085e-09
6018,2469,389,1.1000000082465661e-08
6017,2469,357,5.800000170698258e-08
6016,2469,325,9.100000412035745e-08
6015,2469,293,1.3700000939565685e-07
6014,2469,261,7.700002964334362e-07
6013,2469,229,4.331009378776134e-06
6012,2469,197,6.183019114816235e-06
6011,2469,165,3.5597633588238764e-05
6010,2469,133,0.00020770356889291438
6009,2469,101,0.0012397681950946967
6008,2469,69,0.007730048994150473
6007,2469,37,0.053874809949187995
6006,2469,5,0.7474277175804079
6005,2437,2469,4.190371438792208
6004,2437,2437,4.522681855903825
6003,2437,2405,4.352399096930598
6002,2437,2373,3.7049111172412217
6001,2437,2341,3.1107478945372193
6000,2437,2309,2.5709339947323753
5999,2437,2277,2.199732312076217
5998,2437,2245,1.7565233069414454
5997,2437,2213,1.457899584686336
5996,2437,2181,1.1905414271398251
5995,2437,2149,0.886371591649519
5994,2437,2117,0.7489620185787302
5993,2437,2085,0.5251104342515347
5992,2437,2053,0.3876568358636632
5991,2437,2021,0.3081228843044117
5990,2437,1989,0.21415994501442526
5989,2437,1957,0.14268216898944555
5988,2437,1925,0.10440771749197307
5987,2437,1893,0.07432388684623692
5986,2437,1861,0.04348806407742969
5985,2437,1829,0.02866066603663958
5984,2437,1797,0.018191030056910692
5983,2437,1765,0.011081633114324101
5982,2437,1733,0.008088721683281366
5981,2437,1701,0.0035833866680298533
5980,2437,1669,0.0024525590657831367
5979,2437,1637,0.0012451148338556246
5978,2437,1605,0.0008002611235331115
5977,2437,1573,0.0005001030306770494
5976,2437,1541,0.0002187879323342495
5975,2437,1509,0.00012631097689563194
5974,2437,1477,7.03364735517671e-05
5973,2437,1445,3.76677094192225e-05
5972,2437,1413,1.933518692347564e-05
5971,2437,1381,1.441610391148823e-05
5970,2437,1349,6.87302361919106e-06
5969,2437,1317,3.107004826681178e-06
5968,2437,1285,2.141002291899311e-06
5967,2437,1253,8.800003871811232e-07
5966,2437,1221,5.700001624275946e-07
5965,2437,1189,3.590000643903315e-07
5964,2437,1157,2.2000002419522756e-07
5963,2437,1125,7.300000270934288e-08
5962,2437,1093,7.400000275456095e-08
5961,2437,1061,4.1000000791163855e-08
5960,2437,1029,2.1000000181690952e-08
5959,2437,997,1.1000000082465661e-08
5958,2437,965,1.0000000100247594e-08
5957,2437,933,4.999999982112645e-09
5956,2437,901,4.000000005894577e-09
5955,2437,869,4.000000005894577e-09
5954,2437,837,9.999999722180686e-10
5953,2437,805,3.0000000306765083e-09
5952,2437,773,2.00000005645844e-09
5951,2437,741,2.00000005645844e-09
5950,2437,709,9.999999722180686e-10
5949,2437,677,9.999999722180686e-10
5948,2437,645,9.999999722180686e-10
5947,2437,613,9.999999722180686e-10
5946,2437,581,2.00000005645844e-09
5945,2437,549,9.999999722180686e-10
5944,2437,517,2.00000005645844e-09
5943,2437,485,4.000000005894577e-09
5942,2437,453,7.000000048571085e-09
5941,2437,421,1.1000000082465661e-08
5940,2437,389,1.7000000107796378e-08
5939,2437,357,8.900000399692129e-08
5938,2437,325,1.3700000939565685e-07
5937,2437,293,2.000000200057538e-07
5936,2437,261,1.0780005810856287e-06
5935,2437,229,5.81401690135639e-06
5934,2437,197,8.067032538419983e-06
5933,2437,165,4.451099059949762e-05
5932,2437,133,0.000248917977509455
5931,2437,101,0.001424118575651004
5930,2437,69,0.008512592524419972
5929,2437,37,0.05690958468284413
5928,2437,5,0.7573756676297119
5927,2405,2469,3.721539886641546
5926,2405,2437,4.352399096930598
5925,2405,2405,4.51337280520772
5924,2405,2373,4.165302684979486
5923,2405,2341,3.67264766526782
5922,2405,2309,3.06816774972456
5921,2405,2277,2.6484073127931604
5920,2405,2245,2.1439938015784503
5919,2405,2213,1.799900925122426
5918,2405,2181,1.4887478130517233
5917,2405,2149,1.130662319604611
5916,2405,2117,0.896309417112159
5915,2405,2085,0.7532424505078057
5914,2405,2053,0.5726695049312736
5913,2405,2021,0.42268808169392275
5912,2405,1989,0.3015105939073094
5911,2405,1957,0.2067687174401194
5910,2405,1925,0.15450819189374862
5909,2405,1893,0.11248131850368025
5908,2405,1861,0.06822783777131337
5907,2405,1829,0.04613678783795108
5906,2405,1797,0.030081480894235773
5905,2405,1765,0.01884407863077512
5904,2405,1733,0.013959563908067504
5903,2405,1701,0.008120335865868389
5902,2405,1669,0.0044901586913841255
5901,2405,1637,0.003048653424939445
5900,2405,1605,0.0015344015922578477
5899,2405,1573,0.0009743265019470763
5898,2405,1541,0.00043963862690026614
5897,2405,1509,0.00025794126398774955
5896,2405,1477,0.00014597565392732894
5895,2405,1445,7.944915600059655e-05
5894,2405,1413,4.144885899214275e-05
5893,2405,1381,2.0652213255497992e-05
5892,2405,1349,9.787047892980322e-06
5891,2405,1317,6.888023722419131e-06
5890,2405,1285,4.75301129556428e-06
5889,2405,1253,1.984001968085514e-06
5888,2405,1221,1.28700082820168e-06
5887,2405,1189,4.790001147182123e-07
5886,2405,1157,4.980001240174717e-07
5885,2405,1125,1.67000013995378e-07
5884,2405,1093,1.690000142748142e-07
5883,2405,1061,9.30000043588159e-08
5882,2405,1029,4.900000114695302e-08
5881,2405,997,2.4000000275367463e-08
5880,2405,965,2.3000000280149395e-08
5879,2405,933,1.0000000100247594e-08
5878,2405,901,9.000000008007222e-09
5877,2405,869,8.000000027789153e-09
5876,2405,837,7.000000048571085e-09
5875,2405,805,3.0000000306765083e-09
5874,2405,773,2.00000005645844e-09
5873,2405,741,4.000000005894577e-09
5872,2405,709,3.0000000306765083e-09
5871,2405,677,2.00000005645844e-09
5870,2405,645,4.000000005894577e-09
5869,2405,613,2.00000005645844e-09
5868,2405,581,4.000000005894577e-09
5867,2405,549,3.0000000306765083e-09
5866,2405,517,4.000000005894577e-09
5865,2405,485,7.000000048571085e-09
5864,2405,453,1.1000000082465661e-08
5863,2405,421,1.800000020803675e-08
5862,2405,389,2.7000000378043973e-08
5861,2405,357,1.380000095048749e-07
5860,2405,325,2.0600002116508475e-07
5859,2405,293,1.0470005481366552e-06
5858,2405,261,1.5070011355373343e-06
5857,2405,229,7.7890303343983e-06
5856,2405,197,1.0510055230400585e-05
5855,2405,165,5.5586544903386375e-05
5854,2405,133,0.0002980144018809354
5853,2405,101,0.0016347044014787624
5852,2405,69,0.009370261096164687
5851,2405,37,0.06010646708178841
5850,2405,5,0.7674953920303595
5849,2373,2469,3.00146388791859
5848,2373,2437,3.7049111172412217
5847,2373,2405,4.165302684979486
5846,2373,2373,4.486747888036729
5845,2373,2341,4.2964917137759855
5844,2373,2309,3.6244537268373533
5843,2373,2277,3.153617929729663
5842,2373,2245,2.7159330996670694
5841,2373,2213,2.19237949373302
5840,2373,2181,1.730082774211234
5839,2373,2149,1.4184393970626274
5838,2373,2117,1.141707308303746
5837,2373,2085,0.9701217857563661
5836,2373,2053,0.7515127403545433
5835,2373,2021,0.566574305862482
5834,2373,1989,0.4139282421119898
5833,2373,1957,0.29159310524630677
5832,2373,1925,0.2222413521682797
5831,2373,1893,0.16527542042466412
5830,2373,1861,0.11958913629967699
5829,2373,1829,0.07194567851956253
5828,2373,1797,0.048165549831588675
5827,2373,1765,0.03102040410133432
5826,2373,1733,0.02332829197413893
5825,2373,1701,0.01127492070509359
5824,2373,1669,0.007964741511052996
5823,2373,1637,0.004298758436572651
5822,2373,1605,0.0028541542258524125
5821,2373,1573,0.00139134046540206
5820,2373,1541,0.0008584363510748892
5819,2373,1509,0.000512282194119462
5818,2373,1477,0.00029489547739743917
5817,2373,1445,0.00016326432689497042
5816,2373,1413,8.664575363486866e-05
5815,2373,1381,4.391696433573848e-05
5814,2373,1349,2.1171224108770083e-05
5813,2373,1317,1.4930111453527914e-05
5812,2373,1285,6.582021661489779e-06
5811,2373,1253,4.384009609780011e-06
5810,2373,1221,2.849004058435177e-06
5809,2373,1189,1.8020016235991468e-06
5808,2373,1157,6.500002112965383e-07
5807,2373,1125,6.580002165243309e-07
5806,2373,1093,2.1200002247143804e-07
5805,2373,1061,2.0800002163354328e-07
5804,2373,1029,1.0900000596639437e-07
5803,2373,997,5.500000151130606e-08
5802,2373,965,5.100000130141147e-08
5801,2373,933,2.3000000280149395e-08
5800,2373,901,2.1000000181690952e-08
5799,2373,869,1.800000020803675e-08
5798,2373,837,1.500000013236024e-08
5797,2373,805,6.000000070353016e-09
5796,2373,773,4.000000005894577e-09
5795,2373,741,8.000000027789153e-09
5794,2373,709,6.000000070353016e-09
5793,2373,677,4.000000005894577e-09
5792,2373,645,7.000000048571085e-09
5791,2373,613,4.999999982112645e-09
5790,2373,581,8.000000027789153e-09
5789,2373,549,4.999999982112645e-09
5788,2373,517,8.000000027789153e-09
5787,2373,485,1.200000006568373e-08
5786,2373,453,1.9000000198254816e-08
5785,2373,421,3.000000048972049e-08
5784,2373,389,4.400000094484037e-08
5783,2373,357,2.1200002247143804e-07
5782,2373,325,3.0800004738091444e-07
5781,2373,293,4.2500009028311337e-07
5780,2373,261,2.1020022091534076e-06
5779,2373,229,1.0416054246862261e-05
5778,2373,197,1.3670093435267162e-05
5777,2373,165,6.933040329690496e-05
5776,2373,133,0.00035643651594827967
5775,2373,101,0.0018750678414678381
5774,2373,69,0.010309815980204414
5773,2373,37,0.06347371970654751
5772,2373,5,0.777791519015146
5771,2341,2469,2.608195101474286
5770,2341,2437,3.1107478945372193
5769,2341,2405,3.67264766526782
5768,2341,2373,4.2964917137759855
5767,2341,2341,4.4423961090431945
5766,2341,2309,4.242412529313032
5765,2341,2277,3.5601408636383933
5764,2341,2245,3.0816451486632546
5763,2341,2213,2.6382515963055404
5762,2341,2181,2.1121847741215087
5761,2341,2149,1.7529575591451536
5760,2341,2117,1.5251022741258242
5759,2341,2085,1.1450304217789173
5758,2341,2053,0.8962673936423083
5757,2341,2021,0.7435695364298398
5756,2341,1989,0.5552659133723362
5755,2341,1957,0.4431815548377094
5754,2341,1925,0.31129834084178765
5753,2341,1893,0.23619365850129048
5752,2341,1861,0.15320400256761044
5751,2341,1829,0.10881318482164169
5750,2341,1797,0.0747430377652062
5749,2341,1765,0.04946511284605259
5748,2341,1733,0.03141285071769852
5747,2341,1701,0.023298037811972663
5746,2341,1669,0.013688224752481104
5745,2341,1637,0.007622795825582663
5744,2341,1605,0.005149134066412794
5743,2341,1573,0.0025925477495814487
5742,2341,1541,0.0016281246759702165
5741,2341,1509,0.0009890609595740033
5740,2341,1477,0.000579634955888442
5739,2341,1445,0.00032672336826728105
5738,2341,1413,0.00017654658343101522
5737,2341,1381,9.111315067702989e-05
5736,2341,1349,6.646020843077478e-05
5735,2341,1317,3.162750014414394e-05
5734,2341,1285,1.4199100806747262e-05
5733,2341,1253,9.48304496396109e-06
5732,2341,1221,3.829007330594442e-06
5731,2341,1189,3.9200076832661875e-06
5730,2341,1157,1.440001036820199e-06
5729,2341,1125,8.400003528021478e-07
5728,2341,1093,4.720001113656397e-07
5727,2341,1061,4.5600010395005795e-07
5726,2341,1029,2.410000289969196e-07
5725,2341,997,1.2100000734007826e-07
5724,2341,965,5.700000167776451e-08
5723,2341,933,5.100000130141147e-08
5722,2341,901,4.400000094484037e-08
5721,2341,869,3.800000075750965e-08
5720,2341,837,1.500000013236024e-08
5719,2341,805,1.200000006568373e-08
5718,2341,773,9.000000008007222e-09
5717,2341,741,1.600000011957831e-08
5716,2341,709,1.200000006568373e-08
5715,2341,677,8.000000027789153e-09
5714,2341,645,1.400000014614217e-08
5713,2341,613,9.000000008007222e-09
5712,2341,581,1.500000013236024e-08
5711,2341,549,9.000000008007222e-09
5710,2341,517,1.400000014614217e-08
5709,2341,485,2.2000000285931326e-08
5708,2341,453,3.300000049937469e-08
5707,2341,421,4.900000114695302e-08
5706,2341,389,7.000000246866636e-08
5705,2341,357,3.2500005283573484e-07
5704,2341,325,4.590001053487351e-07
5703,2341,293,2.1450023004692237e-06
5702,2341,261,2.924004274911581e-06
5701,2341,229,1.3900096605906342e-05
5700,2341,197,1.775315758632331e-05
5699,2341,165,8.635972889399859e-05
5698,2341,133,0.00042587867344986806
5697,2341,101,0.002149195867789642
5696,2341,69,0.011338582458666601
5695,2341,37,0.06702001456386872
5694,2341,5,0.7882688701296706
5693,2309,2469,2.2436028544450632
5692,2309,2437,2.5709339947323753
5691,2309,2405,3.06816774972456
5690,2309,2373,3.6244537268373533
5689,2309,2341,4.242412529313032
5688,2309,2309,4.557548799811731
5687,2309,2277,4.344311592936655
5686,2309,2245,3.6373512133284525
5685,2309,2213,3.140316293480105
5684,2309,2181,2.547093595647323
5683,2309,2149,2.1373080301454648
5682,2309,2117,1.766020286434601
5681,2309,2085,1.4336349052962736
5680,2309,2053,1.1402916662612097
5679,2309,2021,0.957329408722497
5678,2309,1989,0.7293040777543391
5677,2309,1957,0.5908593449521279
5676,2309,1925,0.4254691652599754
5675,2309,1893,0.32891044119752466
5674,2309,1861,0.24822577038508048
5673,2309,1829,0.15984963406233144
5672,2309,1797,0.11254426040867517
5671,2309,1765,0.07647642965924069
5670,2309,1733,0.059276852028806136
5669,2309,1701,0.0376415076349692
5668,2309,1669,0.022796562330256877
5667,2309,1637,0.013101349100905978
5666,2309,1605,0.009008396033090707
5665,2309,1573,0.004687317327829624
5664,2309,1541,0.002998371626895825
5663,2309,1509,0.0018556456459140407
5662,2309,1477,0.0011080496603485535
5661,2309,1445,0.0006364494910165732
5660,2309,1413,0.00035047340863080505
5659,2309,1381,0.00018433898938751168
5658,2309,1349,9.222425252562349e-05
5657,2309,1317,6.545214194473313e-05
5656,2309,1285,2.9948448450307344e-05
5655,2309,1253,2.0074201485470982e-05
5654,2309,1221,8.26203413054662e-06
5653,2309,1189,5.164013333440336e-06
5652,2309,1157,3.1290048953213233e-06
5651,2309,1125,3.0880047679217632e-06
5650,2309,1093,1.0330005335284978e-06
5649,2309,1061,5.58000155665907e-07
5648,2309,1029,5.230001367390638e-07
5647,2309,997,2.6300003458485235e-07
5646,2309,965,2.3800002836326526e-07
5645,2309,933,1.1000000604761245e-07
5644,2309,901,9.500000449025205e-08
5643,2309,869,8.00000031578917e-08
5642,2309,837,6.600000219877177e-08
5641,2309,805,2.5000000271585533e-08
5640,2309,773,4.2000000915404235e-08
5639,2309,741,3.200000049515662e-08
5638,2309,709,2.3000000280149395e-08
5637,2309,677,1.600000011957831e-08
5636,2309,645,2.6000000379825907e-08
5635,2309,613,1.7000000107796378e-08
5634,2309,581,2.7000000378043973e-08
5633,2309,549,1.600000011957831e-08
5632,2309,517,2.5000000271585533e-08
5631,2309,485,3.7000000637269275e-08
5630,2309,453,5.500000151130606e-08
5629,2309,421,8.00000031578917e-08
5628,2309,389,1.1200000632407092e-07
5627,2309,357,4.960001229690128e-07
5626,2309,325,6.820002325917091e-07
5625,2309,293,8.920003978068163e-07
5624,2309,261,4.059008237763492e-06
5623,2309,229,1.8511171330729185e-05
5622,2309,197,2.301826491826855e-05
5621,2309,165,0.00010743077047862848
5620,2309,133,0.0005083261758618256
5619,2309,101,0.002461574189351711
5618,2309,69,0.012464486966658039
5617,2309,37,0.07075446253490977
5616,2309,5,0.7989324575271963
5615,2277,2469,1.7050368939376215
5614,2277,2437,2.199732312076217
5613,2277,2405,2.6484073127931604
5612,2277,2373,3.153617929729663
5611,2277,2341,3.5601408636383933
5610,2277,2309,4.344311592936655
5609,2277,2277,4.6590097720581145
5608,2277,2245,4.254527821522403
5607,2277,2213,3.540085656795707
5606,2277,2181,3.0376497011753973
5605,2277,2149,2.574442426394873
5604,2277,2117,2.1512615314165293
5603,2277,2085,1.7687581338459064
5602,2277,2053,1.4273712756294854
5601,2277,2021,1.1272442006951389
5600,2277,1989,0.93969880814717
5599,2277,1957,0.7087139606173443
5598,2277,1925,0.5685477970766865
5597,2277,1893,0.4035708353761528
5596,2277,1861,0.30767285392784827
5595,2277,1829,0.2284645515101668
5594,2277,1797,0.1646733733520272
5593,2277,1765,0.11477540586270442
5592,2277,1733,0.0770322339502766
5591,2277,1701,0.05897961545661243
5590,2277,1669,0.036806044254149885
5589,2277,1637,0.021828069339749175
5588,2277,1605,0.015283454258502005
5587,2277,1573,0.008221474896242323
5586,2277,1541,0.005360266594403631
5585,2277,1509,0.0033820516948087813
5584,2277,1477,0.0020592838703278786
5583,2277,1445,0.001206318309446839
5582,2277,1413,0.0006775614929535525
5581,2277,1381,0.0003635350708672232
5580,2277,1349,0.00018554021152051794
5579,2277,1317,0.00013226274633147854
5578,2277,1285,6.174190599228337e-05
5577,2277,1253,4.1568863973246345e-05
5576,2277,1221,2.7306372815609465e-05
5575,2277,1189,1.095706002834111e-05
5574,2277,1157,6.668022231253798e-06
5573,2277,1125,3.9220076910516546e-06
5572,2277,1093,3.7710071102796443e-06
5571,2277,1061,1.2060007271944222e-06
5570,2277,1029,1.1170006238954033e-06
5569,2277,997,5.650001596204804e-07
5568,2277,965,5.050001275520446e-07
5567,2277,933,2.3400002742137046e-07
5566,2277,901,1.990000198345357e-07
5565,2277,869,1.67000013995378e-07
5564,2277,837,6.600000219877177e-08
5563,2277,805,1.0900000596639437e-07
5562,2277,773,8.40000034837863e-08
5561,2277,741,6.300000197909524e-08
5560,2277,709,4.600000108929882e-08
5559,2277,677,3.200000049515662e-08
5558,2277,645,2.1000000181690952e-08
5557,2277,613,3.200000049515662e-08
5556,2277,581,5.00000012791934e-08
5555,2277,549,2.9000000377480112e-08
5554,2277,517,4.30000009296223e-08
5553,2277,485,6.40000020143133e-08
5552,2277,453,9.200000418357552e-08
5551,2277,421,1.2900000833586755e-07
5550,2277,389,1.7800001580382167e-07
5549,2277,357,7.540002842498486e-07
5548,2277,325,1.0110005111115659e-06
5547,2277,293,1.28700082820168e-06
5546,2277,261,5.6210157978909004e-06
5545,2277,229,2.4602302634150307e-05
5544,2277,197,2.979744393947682e-05
5543,2277,165,0.0001334649060443853
5542,2277,133,0.0006061026431028791
5541,2277,101,0.0028172457126388662
5540,2277,69,0.013696106941218976
5539,2277,37,0.07468663200658392
5538,2277,5,0.8097875103534309
5537,2245,2469,1.5090227534196072
5536,2245,2437,1.7565233069414454
5535,2245,2405,2.1439938015784503
5534,2245,2373,2.7159330996670694
5533,2245,2341,3.0816451486632546
5532,2245,2309,3.6373512133284525
5531,2245,2277,4.254527821522403
5530,2245,2245,4.559755426378218
5529,2245,2213,4.1464401151751185
5528,2245,2181,3.5866027966625866
5527,2245,2149,3.0671997472019727
5526,2245,2117,2.58920429049758
5525,2245,2085,2.1534841645842513
5524,2245,2053,1.760744727381139
5523,2245,2021,1.5089687358949118
5522,2245,1989,1.1899545113370575
5521,2245,1957,0.9145102179302992
5520,2245,1925,0.7442593502989239
5519,2245,1893,0.5947619445002001
5518,2245,1861,0.42006655579017665
5517,2245,1829,0.2835364029601757
5516,2245,1797,0.2345236218832777
5515,2245,1765,0.1674493393114487
5514,2245,1733,0.11536249577812811
5513,2245,1701,0.07633481881426224
5512,2245,1669,0.05764842340444008
5511,2245,1637,0.03526758116581859
5510,2245,1605,0.025150350211253586
5509,2245,1573,0.017467017018592913
5508,2245,1541,0.009300880401774719
5507,2245,1509,0.005986454113150354
5506,2245,1477,0.003719498767168154
5505,2245,1445,0.002223878986809397
5504,2245,1413,0.0012751436502123463
5503,2245,1381,0.0006985219096337358
5502,2245,1349,0.0003640342524288902
5501,2245,1317,0.0002608720241477632
5500,2245,1285,0.0001243587322265809
5499,2245,1253,8.41705422407296e-05
5498,2245,1221,5.558254468104413e-05
5497,2245,1189,2.277825942252699e-05
5496,2245,1157,2.2292248470359447e-05
5495,2245,1125,8.239033940767906e-06
5494,2245,1093,4.6900109981137805e-06
5493,2245,1061,2.5590032742591643e-06
5492,2245,1029,2.3460027519042297e-06
5491,2245,997,1.1930007116355017e-06
5490,2245,965,1.0550005565404531e-06
5489,2245,933,4.920001209951172e-07
5488,2245,901,4.150000861438863e-07
5487,2245,869,3.430000587827513e-07
5486,2245,837,1.3700000939565685e-07
5485,2245,805,1.0600000561771782e-07
5484,2245,773,7.900000310667363e-08
5483,2245,741,5.700000167776451e-08
5482,2245,709,8.900000399692129e-08
5481,2245,677,6.10000019116591e-08
5480,2245,645,9.400000442403398e-08
5479,2245,613,6.000000176841872e-08
5478,2245,581,9.000000405813938e-08
5477,2245,549,5.200000132462954e-08
5476,2245,517,7.60000028479971e-08
5475,2245,485,1.0900000596639437e-07
5474,2245,453,1.5300001170723547e-07
5473,2245,421,2.100000219949795e-07
5472,2245,389,2.8000003916365e-07
5471,2245,357,1.14300065320624e-06
5470,2245,325,1.4930011144891606e-06
5469,2245,293,1.8520017149785072e-06
5468,2245,261,7.76603015549876e-06
5467,2245,229,3.2629532337406526e-05
5466,2245,197,3.850974149059649e-05
5465,2245,165,0.00016558470839121375
5464,2245,133,0.000721924524812863
5463,2245,101,0.0032218696524426126
5462,2245,69,0.01504271646715808
5461,2245,37,0.07882657604480173
5460,2245,5,0.8208394711131255
5459,2213,2469,1.1633141351425376
5458,2213,2437,1.457899584686336
5457,2213,2405,1.799900925122426
5456,2213,2373,2.19237949373302
5455,2213,2341,2.6382515963055404
5454,2213,2309,3.140316293480105
5453,2213,2277,3.540085656795707
5452,2213,2245,4.1464401151751185
5451,2213,2213,4.626765801727795
5450,2213,2181,4.020191125387627
5449,2213,2149,3.455382579891439
5448,2213,2117,3.0826915137209503
5447,2213,2085,2.5907679708279105
5446,2213,2053,2.143502642933752
5445,2213,2021,1.7416528804972111
5444,2213,1989,1.483416836139584
5443,2213,1957,1.1596647077267375
5442,2213,1925,0.956212132051264
5441,2213,1893,0.7753242782574882
5440,2213,1861,0.5608947291822319
5439,2213,1829,0.3891762232515488
5438,2213,1797,0.3256785804767023
5437,2213,1765,0.23786835610017554
5436,2213,1733,0.16799927093828493
5435,2213,1701,0.1142094388165299
5434,2213,1669,0.08767564447552367
5433,2213,1637,0.05529276054795899
5432,2213,1605,0.03306828755736313
5431,2213,1573,0.02309447219729051
5430,2213,1541,0.015663772862935802
5429,2213,1509,0.01028974531774111
5428,2213,1477,0.00652768606000725
5427,2213,1445,0.003986318821796384
5426,2213,1413,0.0023351944454331175
5425,2213,1381,0.001307191002002795
5424,2213,1349,0.0006962523274080761
5423,2213,1317,0.0005019939778959526
5422,2213,1285,0.00024461191505524397
5421,2213,1253,0.00016657987365676486
5420,2213,1221,7.302666638207249e-05
5419,2213,1189,4.6368074982620896e-05
5418,2213,1157,2.854240733065298e-05
5417,2213,1125,1.6978144127874165e-05
5416,2213,1093,9.724047278383232e-06
5415,2213,1061,5.340014257815575e-06
5414,2213,1029,4.846011741843215e-06
5413,2213,997,2.4800030752319894e-06
5412,2213,965,2.171002356619171e-06
5411,2213,933,1.0180005181261217e-06
5410,2213,901,8.500003613024027e-07
5409,2213,869,3.5800006406011337e-07
5408,2213,837,2.8000003916365e-07
5407,2213,805,2.140000229518966e-07
5406,2213,773,1.5800001245434824e-07
5405,2213,741,2.440000297505963e-07
5404,2213,709,1.720000148124908e-07
5403,2213,677,1.1700000686618363e-07
5402,2213,645,7.500000280077902e-08
5401,2213,613,1.1100000612983053e-07
5400,2213,581,1.6300001333748332e-07
5399,2213,549,9.30000043588159e-08
5398,2213,517,1.3200000875354411e-07
5397,2213,485,1.840000169421749e-07
5396,2213,453,2.5200003173038596e-07
5395,2213,421,3.3800005711063804e-07
5394,2213,389,4.410000972026947e-07
5393,2213,357,1.7260014895749133e-06
5392,2213,325,2.1980024156143436e-06
5391,2213,293,2.6590035351072095e-06
5390,2213,261,1.0703057277458478e-05
5389,2213,229,4.318293236937811e-05
5388,2213,197,4.968623434051966e-05
5387,2213,165,0.00020515404265161253
5386,2213,133,0.0008589598003668327
5385,2213,101,0.0036817934911511706
5384,2213,69,0.016514337113184296
5383,2213,37,0.08318485655694009
5382,2213,5,0.8320940240185011
5381,2181,2469,0.8702722696097648
5380,2181,2437,1.1905414271398251
5379,2181,2405,1.4887478130517233
5378,2181,2373,1.730082774211234
5377,2181,2341,2.1121847741215087
5376,2181,2309,2.547093595647323
5375,2181,2277,3.0376497011753973
5374,2181,2245,3.5866027966625866
5373,2181,2213,4.020191125387627
5372,2181,2181,4.488347611426833
5371,2181,2149,4.230540576084381
5370,2181,2117,3.634486083930737
5369,2181,2085,3.0834617992597826
5368,2181,2053,2.5786107396455527
5367,2181,2021,2.120944534693604
5366,2181,1989,1.8232803411099512
5365,2181,1957,1.4475429485623945
5364,2181,1925,1.2078729198989313
5363,2181,1893,0.9151824287689991
5362,2181,1861,0.7338505737802794
5361,2181,1829,0.5762593508141644
5360,2181,1797,0.4418143920031457
5359,2181,1765,0.32958889407312253
5358,2181,1733,0.23828302067616378
5357,2181,1701,0.166203500966611
5356,2181,1669,0.12963041704761183
5355,2181,1637,0.084193077220834
5354,2181,1605,0.06227049771488951
5353,2181,1573,0.037005403644369515
5352,2181,1541,0.02560834351898453
5351,2181,1509,0.0171748072616095
5350,2181,1477,0.011129796038844316
5349,2181,1445,0.00532823989214191
5348,2181,1413,0.00416008215497694
5347,2181,1381,0.002381544627489869
5346,2181,1349,0.001297566475382917
5345,2181,1317,0.0009420355762142925
5344,2181,1285,0.0004696662759403875
5343,2181,1253,0.00032208386343929654
5342,2181,1221,0.00021550221893520526
5341,2181,1189,9.23892677569383e-05
5340,2181,1157,5.7272640046308735e-05
5339,2181,1125,3.4308588532931385e-05
5338,2181,1093,1.9788195785075368e-05
5337,2181,1061,1.0943059875102313e-05
5336,2181,1029,9.841048422968612e-06
5335,2181,997,5.071012857587108e-06
5334,2181,965,2.4690030479904565e-06
5333,2181,933,2.0780021590059353e-06
5332,2181,901,1.7200014791845424e-06
5331,2181,869,1.3960009744512703e-06
5330,2181,837,5.660001601576988e-07
5329,2181,805,4.280000915887904e-07
5328,2181,773,3.14000049299268e-07
5327,2181,741,2.220000246916861e-07
5326,2181,709,3.30000054442848e-07
5325,2181,677,2.220000246916861e-07
5324,2181,645,1.410000099495515e-07
5323,2181,613,2.0300002063643043e-07
5322,2181,581,2.920000425893347e-07
5321,2181,549,1.660000137461376e-07
5320,2181,517,2.2800002598301711e-07
5319,2181,485,3.110000483355912e-07
5318,2181,453,4.150000861438863e-07
5317,2181,421,5.430001473885423e-07
5316,2181,389,6.910002387377205e-07
5315,2181,357,2.5960033695796793e-06
5314,2181,325,3.2250052003747844e-06
5313,2181,293,3.8060072428869797e-06
5312,2181,261,1.4715108266728589e-05
5311,2181,229,5.702562593006076e-05
5310,2181,197,6.399904789541557e-05
5309,2181,165,0.00025382521089341927
5308,2181,133,0.0010208989400320781
5307,2181,101,0.004204124961935362
5306,2181,69,0.01812179432769444
5305,2181,37,0.08777257644662262
5304,2181,5,0.8435570997646443
5303,2149,2469,0.6821317062824054
5302,2149,2437,0.886371591649519
5301,2149,2405,1.130662319604611
5300,2149,2373,1.4184393970626274
5299,2149,2341,1.7529575591451536
5298,2149,2309,2.1373080301454648
5297,2149,2277,2.574442426394873
5296,2149,2245,3.0671997472019727
5295,2149,2213,3.455382579891439
5294,2149,2181,4.230540576084381
5293,2149,2149,4.518157425666085
5292,2149,2117,4.247297369784897
5291,2149,2085,3.634342141248767
5290,2149,2053,3.068935876311483
5289,2149,2021,2.552311598406345
5288,2149,1989,2.2126059068100474
5287,2149,1957,1.7813632081135964
5286,2149,1925,1.4014056963945185
5285,2149,1893,1.1590302517774262
5284,2149,1861,0.9425230912664573
5283,2149,1829,0.7518242490900479
5282,2149,1797,0.5866151006516016
5281,2149,1765,0.446258596784715
5280,2149,1733,0.3297404879699929
5279,2149,1701,0.23562108801365783
5278,2149,1669,0.16201144299671763
5277,2149,1637,0.12464969252557376
5276,2149,1605,0.09384079428018535
5275,2149,1573,0.05758690715951188
5274,2149,1541,0.04065851934138363
5273,2149,1509,0.022440111501797064
5272,2149,1477,0.018436595362792116
5271,2149,1445,0.009163631112572644
5270,2149,1413,0.00720765082094746
5269,2149,1381,0.00422278341307296
5268,2149,1349,0.0023554017821303193
5267,2149,1317,0.0012447033218794554
5266,2149,1285,0.0008798919914464282
5265,2149,1253,0.0006081568899187424
5264,2149,1221,0.00027946104560065156
5263,2149,1189,0.00018011221923200157
5262,2149,1157,0.0001125393323131375
5261,2149,1125,6.795230870587379e-05
5260,2149,1093,3.950578034311496e-05
5259,2149,1061,2.201924242172334e-05
5258,2149,1029,1.9638192828090518e-05
5257,2149,997,1.0200052020313979e-05
5256,2149,965,5.006012530033904e-06
5255,2149,933,4.179008732093388e-06
5254,2149,901,1.8560017223924155e-06
5253,2149,869,1.4640010716556171e-06
5252,2149,837,1.1280006361538606e-06
5251,2149,805,8.460003579125052e-07
5250,2149,773,6.150001891496912e-07
5249,2149,741,9.010004059538531e-07
5248,2149,709,6.270001965953795e-07
5247,2149,677,4.170000869193228e-07
5246,2149,645,2.6300003458485235e-07
5245,2149,613,3.700000684217987e-07
5244,2149,581,5.180001341669498e-07
5243,2149,549,2.920000425893347e-07
5242,2149,517,3.930000772119514e-07
5241,2149,485,5.210001357516271e-07
5240,2149,453,6.800002311752497e-07
5239,2149,421,8.680003766994303e-07
5238,2149,389,1.077000579925387e-06
5237,2149,357,3.89000756607601e-06
5236,2149,325,4.717011125122422e-06
5235,2149,293,5.433014758797089e-06
5234,2149,261,2.017920359871299e-05
5233,2149,229,7.513982292573689e-05
5232,2149,197,8.229138584320205e-05
5231,2149,165,0.00031360116770642594
5230,2149,133,0.0012120352180222025
5229,2149,101,0.004796816350238948
5228,2149,69,0.019876773704956687
5227,2149,37,0.09260140814110776
5226,2149,5,0.8552348854013797
5225,2117,2469,0.5696498537192622
5224,2117,2437,0.7489620185787302
5223,2117,2405,0.896309417112159
5222,2117,2373,1.141707308303746
5221,2117,2341,1.5251022741258242
5220,2117,2309,1.766020286434601
5219,2117,2277,2.1512615314165293
5218,2117,2245,2.58920429049758
5217,2117,2213,3.0826915137209503
5216,2117,2181,3.634486083930737
5215,2117,2149,4.247297369784897
5214,2117,2117,4.529903820745075
5213,2117,2085,4.246135967327946
5212,2117,2053,3.6172726845038574
5211,2117,2021,3.0386408392839974
5210,2117,1989,2.5115659479372305
5209,2117,1957,2.1642128026947427
5208,2117,1925,1.7276344023008976
5207,2117,1893,1.445240794632366
5206,2117,1861,1.1903719270112862
5205,2117,1829,0.9632092542832782
5204,2117,1797,0.7637082681981683
5203,2117,1765,0.5915341834864742
5202,2117,1733,0.44599183060049574
5201,2117,1701,0.32595646209709644
5200,2117,1669,0.22981728496726286
5199,2117,1637,0.17967980449632048
5198,2117,1605,0.13760443506875822
5197,2117,1573,0.08710736705107379
5196,2117,1541,0.06273092382639554
5195,2117,1509,0.03585711081150748
5194,2117,1477,0.023879186885780276
5193,2117,1445,0.019367521488442018
5192,2117,1413,0.01214358881597667
5191,2117,1381,0.007285434445905117
5190,2117,1349,0.004163226212267351
5189,2117,1317,0.0030720248400622706
5188,2117,1285,0.0016077517404707335
5187,2117,1253,0.0011209330107327475
5186,2117,1221,0.000762550667872863
5185,2117,1189,0.00034339695398557466
5184,2117,1157,0.00021646342651713565
5183,2117,1125,0.0001318626935028908
5182,2117,1093,7.734099073730379e-05
5181,2117,1061,4.34919457609686e-05
5180,2117,1029,3.8495740951499595e-05
5179,2117,997,2.0173203477713216e-05
5178,2117,965,1.7222148300328105e-05
5177,2117,933,8.274034229757125e-06
5176,2117,901,6.738022700374587e-06
5175,2117,869,2.902004210781463e-06
5174,2117,837,2.219002461954137e-06
5173,2117,805,1.6510013629489207e-06
5172,2117,773,1.1910007091970404e-06
5171,2117,741,8.290003436006746e-07
5170,2117,709,1.1760006915356815e-06
5169,2117,677,7.760003011237929e-07
5168,2117,645,4.860001181197851e-07
5167,2117,613,6.680002230935606e-07
5166,2117,581,3.8300007339272463e-07
5165,2117,549,5.100001300591585e-07
5164,2117,517,6.710002251282384e-07
5163,2117,485,8.700003784918903e-07
5162,2117,453,1.1080006138043626e-06
5161,2117,421,1.381000953603881e-06
5160,2117,389,1.6730013994458904e-06
5159,2117,357,5.806016854880331e-06
5158,2117,325,6.87502363288259e-06
5157,2117,293,7.732029892104125e-06
5156,2117,261,2.7602380942171797e-05
5155,2117,229,9.878687926310636e-05
5154,2117,197,0.00010562857850193468
5153,2117,165,0.0003868988357029487
5152,2117,133,0.0014373555006681924
5151,2117,101,0.005468755420882646
5150,2117,69,0.0217918846973727
5149,2117,37,0.09768362630141479
5148,2117,5,0.8671338540000326
5147,2085,2469,0.388506730682019
5146,2085,2437,0.5251104342515347
5145,2085,2405,0.7532424505078057
5144,2085,2373,0.9701217857563661
5143,2085,2341,1.1450304217789173
5142,2085,2309,1.4336349052962736
5141,2085,2277,1.7687581338459064
5140,2085,2245,2.1534841645842513
5139,2085,2213,2.5907679708279105
5138,2085,2181,3.0834617992597826
5137,2085,2149,3.634342141248767
5136,2085,2117,4.246135967327946
5135,2085,2085,4.522812344920578
5134,2085,2053,4.040158524852843
5133,2085,2021,3.582749798320233
5132,2085,1989,2.9922206465397605
5131,2085,1957,2.4562020569396337
5130,2085,1925,2.102373439239056
5129,2085,1893,1.7770322648337826
5128,2085,1861,1.4807207264033566
5127,2085,1829,1.213845098790689
5126,2085,1797,0.9766230129887972
5125,2085,1765,0.7690191661324202
5124,2085,1733,0.533284905846537
5123,2085,1701,0.4408030830148731
5122,2085,1669,0.3589490892767132
5121,2085,1637,0.25255900086874156
5120,2085,1605,0.1702281611731063
5119,2085,1573,0.1282132777560342
5118,2085,1541,0.07913330771971644
5117,2085,1509,0.05568339574361079
5116,2085,1477,0.03791009135337109
5115,2085,1445,0.024881059270331816
5114,2085,1413,0.019896426675203884
5113,2085,1381,0.009446931070102735
5112,2085,1349,0.007163343592572059
5111,2085,1317,0.003979025833978486
5110,2085,1285,0.002864162801085505
5109,2085,1253,0.0014437316792186897
5108,2085,1221,0.0009748700314118649
5107,2085,1189,0.0006400227708853003
5106,2085,1157,0.0004073839695820989
5105,2085,1125,0.0002505953964037052
5104,2085,1093,0.0001484230141506824
5103,2085,1061,8.428455184306987e-05
5102,2085,1029,4.566404258649663e-05
5101,2085,997,3.920876865373644e-05
5100,2085,965,1.9605192180502414e-05
5099,2085,933,1.612913007375051e-05
5098,2085,901,7.299026637790762e-06
5097,2085,869,5.675016102911711e-06
5096,2085,837,4.309009283802815e-06
5095,2085,805,3.184005068928177e-06
5094,2085,773,2.281002601477328e-06
5093,2085,741,1.576001241836924e-06
5092,2085,709,2.1860023893166023e-06
5091,2085,677,1.4330010267406134e-06
5090,2085,645,8.910003969435975e-07
5089,2085,613,1.197000716413402e-06
5088,2085,581,1.5970012752256902e-06
5087,2085,549,8.860003925314809e-07
5086,2085,517,1.1390006486443403e-06
5085,2085,485,1.4430010411708818e-06
5084,2085,453,1.795001610985553e-06
5083,2085,421,2.1860023893166023e-06
5082,2085,389,2.5880033488478367e-06
5081,2085,357,8.632037255934806e-06
5080,2085,325,9.986049860447308e-06
5079,2085,293,1.0972060192830274e-05
5078,2085,261,3.7656709005019456e-05
5077,2085,229,0.0001295793950471931
5076,2085,197,0.00013534315847207605
5075,2085,165,0.00047663457221280186
5074,2085,133,0.001702637665208915
5073,2085,101,0.006229861350873031
5072,2085,69,0.023880724160994914
5071,2085,37,0.10303214286723081
5070,2085,5,0.8792607676213711
5069,2053,2469,0.31140209978989114
5068,2053,2437,0.3876568358636632
5067,2053,2405,0.5726695049312736
5066,2053,2373,0.7515127403545433
5065,2053,2341,0.8962673936423083
5064,2053,2309,1.1402916662612097
5063,2053,2277,1.4273712756294854
5062,2053,2245,1.760744727381139
5061,2053,2213,2.143502642933752
5060,2053,2181,2.5786107396455527
5059,2053,2149,3.068935876311483
5058,2053,2117,3.6172726845038574
5057,2053,2085,4.040158524852843
5056,2053,2053,4.695162401265135
5055,2053,2021,4.187412739194095
5054,2053,1989,3.530361843224919
5053,2053,1957,2.9294528374386726
5052,2053,1925,2.5286363551049273
5051,2053,1893,2.157502495658375
5050,2053,1861,1.816764230831861
5049,2053,1829,1.4013920721532174
5048,2053,1797,1.2287688510154295
5047,2053,1765,0.9010615369910826
5046,2053,1733,0.7673612531113461
5045,2053,1701,0.5837744041959662
5044,2053,1669,0.43058525716672835
5043,2053,1637,0.3467339752227412
5042,2053,1605,0.2399228433228311
5041,2053,1573,0.1838754378420336
5040,2053,1541,0.1170868219444037
5039,2053,1509,0.08410403613109482
5038,2053,1477,0.05852092033638601
5037,2053,1445,0.04825781139431872
5036,2053,1413,0.025366231720802684
5035,2053,1381,0.019969245796271066
5034,2053,1349,0.011996674196253049
5033,2053,1317,0.009023609582002623
5032,2053,1285,0.004973128529906609
5031,2053,1253,0.0025745984360711588
5030,2053,1221,0.0017568152966843205
5029,2053,1189,0.001165627079367349
5028,2053,1157,0.0007498550710551935
5027,2053,1125,0.0004662036560385703
5026,2053,1093,0.00027909394309155196
5025,2053,1061,0.00016019583066691301
5024,2053,1029,0.0001399777964346934
5023,2053,997,7.487280289830201e-05
5022,2053,965,3.784171598874147e-05
5021,2053,933,3.094547880639474e-05
5020,2053,901,1.4154100168847159e-05
5019,2053,869,1.0938059820318579e-05
5018,2053,837,8.255034072712572e-06
5017,2053,805,6.0630183800038764e-06
5016,2053,773,4.317009318302753e-06
5015,2053,741,2.9650043955871e-06
5014,2053,709,4.020008080215128e-06
5013,2053,677,2.6190034295679854e-06
5012,2053,645,1.6180013089444355e-06
5011,2053,613,2.12500225777966e-06
5010,2053,581,1.2030007235547413e-06
5009,2053,549,1.529001168866294e-06
5008,2053,517,1.9200018431909566e-06
5007,2053,485,2.378002827471565e-06
5006,2053,453,2.89300418473638e-06
5005,2053,421,3.443005927129974e-06
5004,2053,389,3.985007940117735e-06
5003,2053,357,1.27810816776937e-05
5002,2053,325,1.4454104460061658e-05
5001,2053,293,1.5524120498579585e-05
5000,2053,261,5.123731260869346e-05
4999,2053,229,0.0001695763772611262
4998,2053,197,0.0001731029814566806
4997,2053,165,0.0005863158495500482
4996,2053,133,0.0020145718879418604
4995,2053,101,0.0070911951997051905
4994,2053,69,0.026157950548830394
4993,2053,37,0.1086605458839578
4992,2053,5,0.8916227073909467
4991,2021,2469,0.21900907754210944
4990,2021,2437,0.3081228843044117
4989,2021,2405,0.42268808169392275
4988,2021,2373,0.566574305862482
4987,2021,2341,0.7435695364298398
4986,2021,2309,0.957329408722497
4985,2021,2277,1.1272442006951389
4984,2021,2245,1.5089687358949118
4983,2021,2213,1.7416528804972111
4982,2021,2181,2.120944534693604
4981,2021,2149,2.552311598406345
4980,2021,2117,3.0386408392839974
4979,2021,2085,3.582749798320233
4978,2021,2053,4.187412739194095
4977,2021,2021,4.649957218391939
4976,2021,1989,4.128793718978494
4975,2021,1957,3.6363326217335312
4974,2021,1925,3.009354131220532
4973,2021,1893,2.589650608889223
4972,2021,1861,2.201584606464343
4971,2021,1829,1.72509924985986
4970,2021,1797,1.5234315106796248
4969,2021,1765,1.2345426914749316
4968,2021,1733,0.9795622107156079
4967,2021,1701,0.7584432066653072
4966,2021,1669,0.5707110495842839
4965,2021,1637,0.41535039394680523
4964,2021,1605,0.33026334136590335
4963,2021,1573,0.25731497302222245
4962,2021,1541,0.16878323286952865
4961,2021,1509,0.12367731873771245
4960,2021,1477,0.08790820483771332
4959,2021,1445,0.06038343746621868
4958,2021,1413,0.03991628708875174
4957,2021,1381,0.031732497155497225
4956,2021,1349,0.019555311821173163
4955,2021,1317,0.011445619920857441
4954,2021,1285,0.008414221483506772
